import matplotlib.pyplot as plt
import numpy as np

x = [51.9, 58.5, 62.0, 62, 63, 63, 63.25, 63.5, 64, 64.5, 65, 65, 66, 66, 66.5, 67, 67.25, 67.25, 68, 68.25, 69, 69, 69, 69, 69.5, 69.75, 69.75, 70, 70.128, 71, 71, 71, 71.25, 72.25, 72.5, 72.5, 72.5, 73, 73.125, 73.25, 74]

plt.hist(x)
plt.show()

c = np.array(["A","B","C","d"])
y = np.array([51.9, 58.5, 62.0, 62, 63, 63, 63.25, 63.5, 64, 64.5, 65, 65, 66, 66, 66.5, 67, 67.25, 67.25, 68, 68.25, 69, 69, 69, 69, 69.5, 69.75, 69.75, 70, 70.128, 71, 71, 71, 71.25, 72.25, 72.5, 72.5, 72.5, 73, 73.125, 73.25, 74])

plt.bar(x,y)
plt.show()

fig = plt.figure(figsize =(7, 7))

plt.boxplot(x, vert=False)
plt.show()
